01H3K4Q71X4CC5SJD4JZPB9M76#01H3K4Q58A061CP750AKF2C2K9#13,51,58,23,55,54
01H3K4Q71YR1HPTTN37CZYAFDX#01H3K4Q58A061CP750AKF2C2K9#20,47,24,37,19,26
01H3K4Q71YRTG0MPS36A0QEN03#01H3K4Q58A061CP750AKF2C2K9#30,38,50,56,13,24
01H3K4Q71Z71K7ACQV6ATBYA5X#01H3K4Q58A061CP750AKF2C2K9#42,16,52,32,36,43
01H3K4Q71ZXFPX5NG3NSSFF730#01H3K4Q58A061CP750AKF2C2K9#29,54,33,12,41,58
01H3K4Q71ZXRMR1JS5JNMDYRFJ#01H3K4Q58A061CP750AKF2C2K9#34,50,58,35,16,31
01H3K4Q7205A8W9MZ1ZG7840FT#01H3K4Q58A061CP750AKF2C2K9#50,1,51,25,47,53
01H3K4Q720HJGT016Y437C41DZ#01H3K4Q58A061CP750AKF2C2K9#40,17,37,13,8,36
01H3K4Q720CQYK4SPVHGB6NJEQ#01H3K4Q58A061CP750AKF2C2K9#58,59,12,16,26,5
01H3K4Q721JWKC8CW2Y80BD1A3#01H3K4Q58A061CP750AKF2C2K9#23,32,10,2,58,47
